0,1
1,1
2,1
3,1
4,1
5,1
6,1
7,1
8,1
9,1
10,1
11,1
12,1
13,1
14,1
15,1
16,1
17,1
18,1
19,1
20,1
21,1
22,1
23,1
24,1
25,1
26,1
27,1
28,1
29,1
30,1
31,1
32,0
33,0
34,0
35,0
36,0
37,0
38,0
39,0
40,0
41,0
42,0
43,0
44,0
45,0
46,0
47,0
48,0
49,0
50,0
51,0
52,0
53,0
54,0
55,0
56,0
57,0
58,0
59,0
60,0
61,0
62,0
63,0
64,0
65,0
66,0
67,0
68,0
69,0
70,0
71,0
72,0
73,0
74,0
75,0
76,0
77,0
78,0
79,0
80,0
81,0
82,0
83,0
84,0
85,0
86,0
87,0
88,0
89,0
90,0
91,0
92,0
93,0
94,0
95,0
96,0
97,0
98,0
99,0
100,0
101,0
102,0
103,0
104,0
105,0
106,0
107,0
108,0
109,0
110,0
111,0
112,0
113,0
114,0
115,0
116,0
117,0
118,0
119,0
120,0
121,0
122,0
123,0
124,0
125,0
126,0
127,1
169,0
174,0
8252,0
8265,0
8482,0
8505,0
8596,0
8597,0
8598,0
8599,0
8600,0
8601,0
8617,0
8618,0
8986,0
8987,0
9000,0
9096,1
9167,0
9193,1
9194,1
9195,1
9196,1
9197,1
9198,1
9199,1
9200,1
9201,1
9202,1
9203,1
9208,1
9209,1
9210,1
9410,1
9472,0
9473,0
9474,0
9475,0
9476,0
9477,0
9478,0
9479,0
9480,0
9481,0
9482,0
9483,0
9484,0
9485,0
9486,0
9487,0
9488,0
9489,0
9490,0
9491,0
9492,0
9493,0
9494,0
9495,0
9496,0
9497,0
9498,0
9499,0
9500,0
9501,0
9502,0
9503,0
9504,0
9505,0
9506,0
9507,0
9508,0
9509,0
9510,0
9511,0
9512,0
9513,0
9514,0
9515,0
9516,0
9517,0
9518,0
9519,0
9520,0
9521,0
9522,0
9523,0
9524,0
9525,0
9526,0
9527,0
9528,0
9529,0
9530,0
9531,0
9532,0
9533,0
9534,0
9535,0
9536,0
9537,0
9538,0
9539,0
9540,0
9541,0
9542,0
9543,0
9544,0
9545,0
9546,0
9547,0
9548,0
9549,0
9550,0
9551,0
9552,0
9553,0
9554,0
9555,0
9556,0
9557,0
9558,0
9559,0
9560,0
9561,0
9562,0
9563,0
9564,0
9565,0
9566,0
9567,0
9568,0
9569,0
9570,0
9571,0
9572,0
9573,0
9574,0
9575,0
9576,0
9577,0
9578,0
9579,0
9580,0
9581,0
9582,0
9583,0
9584,0
9585,0
9586,0
9587,0
9588,0
9589,0
9590,0
9591,0
9592,0
9593,0
9594,0
9595,0
9596,0
9597,0
9598,0
9599,0
9642,0
9643,0
9654,0
9664,0
9723,0
9724,0
9725,0
9726,0
9728,0
9729,0
9730,0
9731,1
9732,0
9733,1
9735,0
9736,0
9737,0
9738,0
9739,0
9740,0
9741,0
9742,0
9743,0
9744,0
9745,0
9746,0
9748,0
9749,1
9750,1
9751,1
9752,1
9753,1
9754,0
9755,0
9756,0
9757,0
9758,0
9759,0
9760,0
9761,0
9762,1
9763,1
9764,1
9765,0
9766,0
9767,0
9768,0
9769,0
9770,0
9771,1
9772,1
9773,0
9774,0
9775,1
9776,1
9777,1
9778,1
9779,1
9780,1
9781,1
9782,1
9783,1
9784,0
9785,0
9786,0
9787,0
9788,0
9789,0
9790,0
9791,0
9792,0
9793,0
9794,0
9795,0
9796,0
9797,0
9798,0
9799,0
9800,0
9801,0
9802,0
9803,0
9804,0
9805,0
9806,0
9807,0
9808,0
9809,0
9810,0
9811,0
9812,0
9813,0
9814,0
9815,0
9816,0
9817,0
9818,0
9819,0
9820,0
9821,0
9822,0
9823,0
9824,0
9825,0
9826,0
9827,0
9828,0
9829,0
9830,0
9831,0
9832,0
9833,0
9834,0
9835,0
9836,0
9837,0
9838,0
9839,0
9840,0
9841,0
9842,1
9843,1
9844,1
9845,1
9846,1
9847,1
9848,1
9849,1
9850,1
9851,1
9852,1
9853,1
9854,1
9855,1
9856,1
9857,1
9858,1
9859,1
9860,1
9861,1
9872,0
9873,0
9874,1
9875,1
9876,1
9877,1
9878,1
9879,1
9880,1
9881,1
9882,1
9883,1
9884,1
9885,1
9886,1
9887,1
9888,1
9889,0
9890,1
9891,1
9892,1
9893,1
9894,1
9895,1
9896,0
9897,1
9898,0
9899,0
9900,0
9901,1
9902,1
9903,1
9904,1
9905,1
9906,0
9907,0
9908,0
9909,0
9910,1
9911,0
9912,0
9913,0
9914,0
9915,0
9916,0
9917,1
9918,1
9919,1
9920,1
9921,1
9922,1
9923,1
9924,1
9925,1
9926,1
9927,1
9928,1
9929,1
9930,1
9931,1
9932,1
9933,1
9934,1
9935,1
9936,1
9937,1
9938,1
9939,1
9940,1
9941,1
9942,1
9943,1
9944,1
9945,1
9946,1
9947,1
9948,1
9949,1
9950,1
9951,1
9952,1
9953,1
9954,0
9955,1
9956,1
9957,1
9958,1
9959,1
9960,1
9961,1
9962,1
9963,1
9964,1
9965,1
9966,1
9967,1
9968,1
9969,1
9970,1
9971,1
9972,1
9973,1
9974,1
9975,1
9976,1
9977,1
9978,1
9979,1
9980,1
9981,1
9982,1
9983,1
9984,1
9985,1
9986,1
9987,1
9988,1
9989,1
9992,1
9993,1
9994,1
9995,1
9996,1
9997,1
9998,1
9999,1
10000,1
10001,1
10002,1
10004,1
10006,1
10013,1
10017,1
10024,1
10035,1
10036,1
10052,1
10055,1
10060,1
10062,1
10067,1
10068,1
10069,1
10071,1
10083,1
10084,1
10085,1
10086,1
10087,1
10133,1
10134,1
10135,1
10145,1
10160,0
10175,1
10548,1
10549,1
11013,1
11014,0
11015,0
11035,1
11036,1
11088,1
11093,1
12336,1
12349,1
12951,1
12953,1
126976,1
126977,1
126978,1
126979,1
126980,1
126981,1
126982,1
126983,1
126984,1
126985,1
126986,1
126987,1
126988,1
126989,1
126990,1
126991,1
126992,1
126993,1
126994,1
126995,1
126996,1
126997,1
126998,1
126999,1
127000,1
127001,1
127002,1
127003,1
127004,1
127005,1
127006,1
127007,1
127008,1
127009,1
127010,1
127011,1
127012,1
127013,1
127014,1
127015,1
127016,1
127017,1
127018,1
127019,1
127024,1
127025,1
127026,1
127027,1
127028,1
127029,1
127030,1
127031,1
127032,1
127033,1
127034,1
127035,1
127036,1
127037,1
127038,1
127039,1
127040,1
127041,1
127042,1
127043,1
127044,1
127045,1
127046,1
127047,1
127048,1
127049,1
127050,1
127051,1
127052,1
127053,1
127054,1
127055,1
127056,1
127057,1
127058,1
127059,1
127060,1
127061,1
127062,1
127063,1
127064,1
127065,1
127066,1
127067,1
127068,1
127069,1
127070,1
127071,1
127072,1
127073,1
127074,0
127075,0
127076,0
127077,0
127078,0
127079,0
127080,0
127081,0
127082,0
127083,0
127084,0
127085,0
127086,0
127087,0
127088,0
127089,0
127090,0
127091,0
127092,0
127093,0
127094,0
127095,0
127096,0
127097,0
127098,0
127099,0
127100,0
127101,0
127102,0
127103,0
127104,0
127105,0
127106,0
127107,0
127108,0
127109,0
127110,0
127111,0
127112,0
127113,0
127114,0
127115,0
127116,0
127117,0
127118,0
127119,0
127120,0
127121,0
127122,0
127123,0
127136,1
127137,1
127138,1
127139,1
127140,1
127141,1
127142,1
127143,1
127144,1
127145,1
127146,1
127147,1
127148,1
127149,1
127150,1
127153,1
127154,1
127155,1
127156,1
127157,1
127158,1
127159,1
127160,1
127161,1
127162,1
127163,1
127164,1
127165,1
127166,1
127167,1
127169,1
127170,1
127171,1
127172,1
127173,1
127174,1
127175,1
127176,1
127177,1
127178,1
127179,1
127180,1
127181,1
127182,1
127183,1
127185,1
127186,1
127187,1
127188,1
127189,1
127190,1
127191,1
127192,1
127193,1
127194,1
127195,1
127196,1
127197,1
127198,1
127199,1
127200,1
127201,1
127202,1
127203,1
127204,1
127205,1
127206,1
127207,1
127208,1
127209,1
127210,1
127211,1
127212,1
127213,1
127214,1
127215,1
127216,1
127217,1
127218,1
127219,1
127220,1
127221,1
127245,1
127246,1
127247,1
127279,0
127340,1
127341,1
127342,1
127343,1
127344,1
127345,1
127358,1
127359,1
127374,1
127377,1
127378,1
127379,1
127380,1
127381,1
127382,1
127383,1
127384,1
127385,1
127386,1
127405,1
127489,1
127490,1
127514,1
127535,1
127538,1
127539,1
127540,1
127541,1
127542,1
127543,1
127544,1
127545,1
127546,1
127568,1
127569,1
127584,1
127585,1
127586,1
127587,1
127588,1
127589,1
127744,1
127745,1
127746,1
127747,1
127748,1
127749,1
127750,1
127751,1
127752,1
127753,1
127754,1
127755,1
127756,1
127757,1
127758,1
127759,1
127760,1
127761,1
127762,1
127763,1
127764,1
127765,1
127766,1
127767,1
127768,1
127769,1
127770,1
127771,1
127772,1
127773,1
127774,1
127775,1
127776,1
127777,1
127778,1
127779,1
127780,1
127781,1
127782,1
127783,1
127784,1
127785,1
127786,1
127787,1
127788,1
127789,1
127790,1
127791,1
127792,1
127793,1
127794,1
127795,1
127796,1
127797,1
127798,1
127799,1
127800,1
127801,1
127802,1
127803,1
127804,1
127805,1
127806,1
127807,1
127808,1
127809,1
127810,1
127811,1
127812,1
127813,1
127814,1
127815,1
127816,1
127817,1
127818,1
127819,1
127820,1
127821,1
127822,1
127823,1
127824,1
127825,1
127826,1
127827,1
127828,1
127829,1
127830,1
127831,1
127832,1
127833,1
127834,1
127835,1
127836,1
127837,1
127838,1
127839,1
127840,1
127841,1
127842,1
127843,1
127844,1
127845,1
127846,1
127847,1
127848,1
127849,1
127850,1
127851,1
127852,1
127853,1
127854,1
127855,1
127856,1
127857,1
127858,1
127859,1
127860,1
127861,1
127862,1
127863,1
127864,1
127865,1
127866,1
127867,1
127868,1
127869,1
127870,0
127871,1
127872,1
127873,1
127874,1
127875,1
127876,1
127877,1
127878,1
127879,1
127880,1
127881,1
127882,1
127883,1
127884,1
127885,1
127886,1
127887,1
127888,1
127889,1
127890,1
127891,1
127892,1
127893,1
127894,1
127895,1
127896,1
127897,1
127898,1
127899,1
127900,1
127901,1
127902,1
127903,1
127904,1
127905,1
127906,1
127907,1
127908,1
127909,1
127910,1
127911,1
127912,1
127913,1
127914,1
127915,1
127916,1
127917,1
127918,1
127919,1
127920,1
127921,1
127922,1
127923,1
127924,1
127925,1
127926,1
127927,1
127928,1
127929,1
127930,1
127931,1
127932,1
127933,1
127934,1
127935,1
127936,1
127937,1
127938,1
127939,1
127940,1
127941,1
127942,1
127943,1
127944,1
127945,1
127946,1
127947,1
127948,1
127949,1
127950,1
127951,1
127952,1
127953,1
127954,1
127955,1
127956,1
127957,1
127958,1
127959,1
127960,1
127961,1
127962,1
127963,1
127964,1
127965,1
127966,1
127967,1
127968,1
127969,1
127970,1
127971,1
127972,1
127973,1
127974,1
127975,1
127976,1
127977,1
127978,1
127979,1
127980,1
127981,1
127982,1
127983,1
127984,1
127985,1
127986,1
127987,1
127988,1
127989,1
127990,1
127991,1
127992,1
127993,1
127994,1
128000,1
128001,1
128002,1
128003,1
128004,1
128005,1
128006,1
128007,1
128008,1
128009,1
128010,1
128011,1
128012,1
128013,1
128014,1
128015,1
128016,1
128017,1
128018,1
128019,1
128020,1
128021,1
128022,1
128023,1
128024,1
128025,1
128026,1
128027,1
128028,1
128029,1
128030,1
128031,1
128032,1
128033,1
128034,1
128035,1
128036,1
128037,1
128038,1
128039,1
128040,1
128041,1
128042,1
128043,1
128044,1
128045,1
128046,1
128047,1
128048,1
128049,1
128050,1
128051,1
128052,1
128053,1
128054,1
128055,1
128056,1
128057,1
128058,1
128059,1
128060,1
128061,1
128062,1
128063,1
128064,1
128065,1
128066,1
128067,1
128068,1
128069,1
128070,1
128071,1
128072,1
128073,1
128074,1
128075,1
128076,1
128077,1
128078,1
128079,1
128080,1
128081,1
128082,1
128083,1
128084,1
128085,1
128086,1
128087,1
128088,1
128089,1
128090,1
128091,1
128092,1
128093,1
128094,1
128095,1
128096,1
128097,1
128098,1
128099,1
128100,1
128101,1
128102,1
128103,1
128104,1
128105,1
128106,1
128107,1
128108,1
128109,1
128110,1
128111,1
128112,1
128113,1
128114,1
128115,1
128116,1
128117,1
128118,1
128119,1
128120,1
128121,1
128122,1
128123,1
128124,1
128125,1
128126,1
128127,1
128128,1
128129,1
128130,1
128131,1
128132,1
128133,1
128134,1
128135,1
128136,1
128137,1
128138,1
128139,1
128140,1
128141,1
128142,1
128143,1
128144,1
128145,1
128146,1
128147,1
128148,1
128149,1
128150,1
128151,1
128152,1
128153,1
128154,1
128155,1
128156,1
128157,1
128158,1
128159,1
128160,1
128161,1
128162,1
128163,1
128164,1
128165,1
128166,1
128167,1
128168,1
128169,1
128170,1
128171,1
128172,1
128173,1
128174,1
128175,1
128176,1
128177,1
128178,1
128179,1
128180,1
128181,1
128182,1
128183,1
128184,1
128185,1
128186,1
128187,1
128188,1
128189,1
128190,1
128191,1
128192,1
128193,1
128194,1
128195,1
128196,1
128197,1
128198,1
128199,1
128200,1
128201,1
128202,1
128203,1
128204,1
128205,1
128206,1
128207,1
128208,1
128209,1
128210,1
128211,1
128212,1
128213,1
128214,1
128215,1
128216,1
128217,1
128218,1
128219,1
128220,1
128221,1
128222,1
128223,1
128224,1
128225,1
128226,1
128227,1
128228,1
128229,1
128230,1
128231,1
128232,1
128233,1
128234,1
128235,1
128236,1
128237,1
128238,1
128239,1
128240,1
128241,1
128242,1
128243,1
128244,1
128245,1
128246,1
128247,1
128248,1
128249,1
128250,1
128251,1
128252,1
128253,1
128254,1
128255,1
128256,1
128257,1
128258,1
128259,1
128260,1
128261,1
128262,1
128263,1
128264,1
128265,1
128266,1
128267,1
128268,1
128269,1
128270,1
128271,1
128272,1
128273,1
128274,1
128275,1
128276,1
128277,1
128278,1
128279,1
128280,1
128281,1
128282,1
128283,1
128284,1
128285,1
128286,1
128287,1
128288,1
128289,1
128290,1
128291,1
128292,1
128293,1
128294,1
128295,1
128296,1
128297,1
128298,1
128299,1
128300,1
128301,1
128302,1
128303,1
128304,1
128305,1
128306,1
128307,1
128308,1
128309,1
128310,1
128311,1
128312,1
128313,1
128314,1
128315,1
128316,1
128317,1
128326,1
128327,1
128328,1
128329,1
128330,1
128331,1
128332,1
128333,1
128334,1
128335,1
128336,1
128337,1
128338,1
128339,1
128340,1
128341,1
128342,1
128343,1
128344,1
128345,1
128346,1
128347,1
128348,1
128349,1
128350,1
128351,1
128352,1
128353,1
128354,1
128355,1
128356,1
128357,1
128358,1
128359,1
128360,1
128361,1
128362,1
128363,1
128364,1
128365,1
128366,1
128367,1
128368,1
128369,1
128370,1
128371,1
128372,1
128373,1
128374,1
128375,1
128376,1
128377,1
128378,1
128379,1
128380,1
128381,1
128382,1
128383,1
128384,1
128385,1
128386,1
128387,1
128388,1
128389,1
128390,1
128391,1
128392,1
128393,1
128394,1
128395,1
128396,1
128397,1
128398,1
128399,1
128400,1
128401,1
128402,1
128403,1
128404,1
128405,1
128406,1
128407,1
128408,1
128409,1
128410,1
128411,1
128412,1
128413,1
128414,1
128415,1
128416,1
128417,1
128418,1
128419,1
128420,1
128421,1
128422,1
128423,1
128424,1
128425,1
128426,1
128427,1
128428,1
128429,1
128430,1
128431,1
128432,1
128433,1
128434,1
128435,1
128436,1
128437,1
128438,1
128439,1
128440,1
128441,1
128442,1
128443,1
128444,1
128445,1
128446,1
128447,1
128448,1
128449,1
128450,1
128451,1
128452,1
128453,1
128454,1
128455,1
128456,1
128457,1
128458,1
128459,1
128460,1
128461,1
128462,1
128463,1
128464,1
128465,1
128466,1
128467,1
128468,1
128469,1
128470,1
128471,1
128472,1
128473,1
128474,1
128475,1
128476,1
128477,1
128478,1
128479,1
128480,1
128481,1
128482,1
128483,1
128484,1
128485,1
128486,1
128487,1
128488,1
128489,1
128490,1
128491,1
128492,1
128493,1
128494,1
128495,1
128496,1
128497,1
128498,1
128499,1
128500,1
128501,1
128502,1
128503,1
128504,1
128505,1
128506,1
128507,1
128508,1
128509,1
128510,1
128511,1
128512,1
128513,1
128514,1
128515,1
128516,1
128517,1
128518,1
128519,1
128520,1
128521,1
128522,1
128523,1
128524,1
128525,1
128526,1
128527,1
128528,1
128529,1
128530,1
128531,1
128532,1
128533,1
128534,1
128535,1
128536,1
128537,1
128538,1
128539,1
128540,1
128541,1
128542,1
128543,1
128544,1
128545,1
128546,1
128547,1
128548,1
128549,1
128550,1
128551,1
128552,1
128553,1
128554,1
128555,1
128556,1
128557,1
128558,1
128559,1
128560,1
128561,1
128562,1
128563,1
128564,1
128565,1
128566,1
128567,1
128568,1
128569,1
128570,1
128571,1
128572,1
128573,1
128574,1
128575,1
128576,1
128577,1
128578,1
128579,1
128580,1
128581,1
128582,1
128583,1
128584,1
128585,1
128586,1
128587,1
128588,1
128589,1
128590,1
128591,1
128640,1
128641,1
128642,1
128643,1
128644,1
128645,1
128646,1
128647,1
128648,1
128649,1
128650,1
128651,1
128652,1
128653,1
128654,1
128655,0
128656,1
128657,1
128658,1
128659,1
128660,1
128661,1
128662,1
128663,1
128664,1
128665,1
128666,1
128667,1
128668,1
128669,1
128670,1
128671,1
128672,1
128673,1
128674,1
128675,1
128676,1
128677,1
128678,0
128679,1
128680,1
128681,1
128682,1
128683,1
128684,1
128685,1
128686,1
128687,1
128688,1
128689,1
128690,1
128691,1
128692,1
128693,1
128694,1
128695,1
128696,1
128697,1
128698,1
128699,1
128700,1
128701,1
128702,1
128703,1
128704,1
128705,1
128706,1
128707,1
128708,1
128709,1
128710,1
128711,1
128712,1
128713,1
128714,1
128715,1
128716,1
128717,1
128718,1
128719,1
128720,1
128721,1
128722,1
128723,1
128724,1
128725,1
128726,1
128727,1
128732,1
128733,1
128734,1
128735,1
128736,1
128737,1
128738,1
128739,1
128740,1
128741,1
128742,1
128743,1
128744,1
128745,1
128746,1
128747,1
128748,1
128752,1
128753,1
128754,1
128755,1
128756,1
128757,1
128758,1
128759,1
128760,1
128761,1
128762,1
128763,1
128764,1
128884,1
128885,1
128886,1
128891,1
128892,1
128893,1
128894,1
128895,1
128981,1
128982,1
128983,1
128984,1
128985,1
128992,1
128993,1
128994,1
128995,1
128996,1
128997,1
128998,1
128999,1
129000,1
129001,1
129002,1
129003,1
129008,0
129200,0
129201,0
129202,0
129203,0
129204,0
129205,0
129206,0
129207,0
129208,0
129209,0
129210,0
129211,0
129216,0
129217,0
129292,1
129293,1
129294,1
129295,1
129296,1
129297,1
129298,1
129299,1
129300,1
129301,1
129302,1
129303,1
129304,1
129305,1
129306,1
129307,1
129308,1
129309,1
129310,1
129311,1
129312,1
129313,1
129314,1
129315,1
129316,1
129317,1
129318,1
129319,1
129320,1
129321,1
129322,1
129323,1
129324,1
129325,1
129326,1
129327,1
129328,1
129329,1
129330,1
129331,1
129332,1
129333,1
129334,1
129335,1
129336,1
129337,1
129338,1
129340,1
129341,1
129342,1
129343,1
129344,1
129345,1
129346,1
129347,1
129348,1
129349,1
129351,1
129352,1
129353,1
129354,1
129355,1
129356,1
129357,1
129358,1
129359,1
129360,1
129361,1
129362,1
129363,1
129364,1
129365,1
129366,1
129367,1
129368,1
129369,1
129370,1
129371,1
129372,1
129373,1
129374,1
129375,1
129376,1
129377,1
129378,1
129379,1
129380,1
129381,1
129382,1
129383,1
129384,1
129385,1
129386,1
129387,1
129388,1
129389,1
129390,1
129391,1
129392,1
129393,1
129394,1
129395,1
129396,1
129397,1
129398,1
129399,1
129400,1
129401,1
129402,1
129403,1
129404,1
129405,1
129406,1
129407,1
129408,1
129409,1
129410,1
129411,1
129412,1
129413,1
129414,1
129415,1
129416,1
129417,1
129418,1
129419,1
129420,1
129421,1
129422,1
129423,1
129424,1
129425,1
129426,1
129427,1
129428,1
129429,1
129430,1
129431,1
129432,1
129433,1
129434,1
129435,1
129436,1
129437,1
129438,1
129439,1
129440,1
129441,1
129442,1
129443,1
129444,1
129445,1
129446,1
129447,1
129448,1
129449,1
129450,1
129451,1
129452,1
129453,1
129454,1
129455,1
129456,1
129457,1
129458,1
129459,1
129460,1
129461,1
129462,1
129463,1
129464,1
129465,1
129466,1
129467,1
129468,1
129469,1
129470,1
129471,1
129472,1
129473,1
129474,1
129475,1
129476,1
129477,1
129478,1
129479,1
129480,1
129481,1
129482,1
129483,1
129484,1
129485,1
129486,1
129487,1
129488,1
129489,1
129490,1
129491,1
129492,1
129493,1
129494,1
129495,1
129496,1
129497,1
129498,1
129499,1
129500,1
129501,1
129502,1
129503,1
129504,1
129505,1
129506,1
129507,1
129508,1
129509,1
129510,1
129511,1
129512,1
129513,1
129514,0
129515,1
129516,1
129517,1
129518,1
129519,1
129520,1
129521,1
129522,1
129523,1
129524,1
129525,1
129526,1
129527,1
129528,1
129529,1
129530,1
129531,1
129532,1
129533,1
129534,1
129535,1
129536,1
129537,1
129538,1
129539,1
129540,1
129541,1
129542,1
129543,1
129544,1
129545,1
129546,1
129547,1
129548,1
129549,1
129550,1
129551,1
129552,1
129553,1
129554,1
129555,1
129556,1
129557,1
129558,1
129559,1
129560,1
129561,1
129562,1
129563,1
129564,1
129565,1
129566,1
129567,1
129568,1
129569,1
129570,1
129571,1
129572,1
129573,1
129574,1
129575,1
129576,1
129577,1
129578,1
129579,1
129580,1
129581,1
129582,1
129583,1
129584,1
129585,1
129586,1
129587,1
129588,1
129589,1
129590,1
129591,1
129592,1
129593,1
129594,1
129595,1
129596,1
129597,1
129598,1
129599,1
129600,1
129601,1
129602,1
129603,1
129604,1
129605,1
129606,1
129607,1
129608,1
129609,1
129610,1
129611,1
129612,1
129613,1
129614,1
129615,1
129616,1
129617,1
129618,1
129619,1
129632,1
129633,1
129634,1
129635,1
129636,1
129637,1
129638,1
129639,1
129640,1
129641,1
129642,1
129643,1
129644,1
129645,1
129648,1
129649,1
129650,1
129651,1
129652,1
129653,1
129654,1
129655,1
129656,1
129657,1
129658,1
129659,1
129660,1
129664,1
129665,1
129666,1
129667,1
129668,1
129669,1
129670,1
129671,1
129672,1
129673,1
129679,1
129680,1
129681,1
129682,1
129683,1
129684,1
129685,1
129686,1
129687,1
129688,1
129689,1
129690,1
129691,1
129692,1
129693,1
129694,1
129695,1
129696,1
129697,1
129698,1
129699,1
129700,1
129701,1
129702,1
129703,1
129704,1
129705,1
129706,1
129707,1
129708,1
129709,1
129710,1
129711,1
129712,1
129713,1
129714,1
129715,1
129716,1
129717,1
129718,1
129719,1
129720,1
129721,1
129722,1
129723,1
129724,1
129725,1
129726,1
129727,1
129728,1
129729,1
129730,1
129731,1
129732,1
129733,1
129734,1
129742,1
129743,1
129744,1
129745,1
129746,1
129747,1
129748,1
129749,1
129750,1
129751,1
129752,1
129753,1
129754,1
129755,1
129756,1
129759,1
129760,1
129761,1
129762,1
129763,1
129764,1
129765,1
129766,1
129767,1
129768,1
129769,1
129776,1
129777,1
129778,1
129779,1
129780,1
129781,1
129782,1
129783,1
129784,1