0,1
1,1
2,1
3,1
4,1
5,1
6,1
7,1
8,1
9,1
10,1
11,1
12,1
13,1
14,1
15,1
16,1
17,1
18,1
19,1
20,1
21,1
22,1
23,1
24,1
25,1
26,1
27,1
28,1
29,1
30,1
31,1
32,0
33,0
34,0
35,0
36,0
37,0
38,0
39,0
40,0
41,0
42,0
43,0
44,0
45,0
46,0
47,0
48,0
49,0
50,0
51,0
52,0
53,0
54,0
55,0
56,0
57,0
58,0
59,0
60,0
61,0
62,0
63,0
64,0
65,0
66,0
67,0
68,0
69,0
70,0
71,0
72,0
73,0
74,0
75,0
76,0
77,0
78,0
79,0
80,0
81,0
82,0
83,0
84,0
85,0
86,0
87,0
88,0
89,0
90,0
91,0
92,0
93,0
94,0
95,0
96,0
97,0
98,0
99,0
100,0
101,0
102,0
103,0
104,0
105,0
106,0
107,0
108,0
109,0
110,0
111,0
112,0
113,0
114,0
115,0
116,0
117,0
118,0
119,0
120,0
121,0
122,0
123,0
124,0
125,0
126,0
127,1
128,1
129,1
130,1
131,1
132,1
133,1
134,1
135,1
136,1
137,1
138,1
139,1
140,1
141,1
142,1
143,1
144,1
145,1
146,1
147,1
148,1
149,1
150,1
151,1
152,1
153,1
154,1
155,1
156,1
157,1
158,1
159,1
160,0
161,0
162,0
163,0
164,0
165,0
166,0
167,0
168,0
169,0
170,0
171,0
172,0
173,1
174,0
175,0
176,0
177,0
178,0
179,0
180,0
181,0
182,0
183,0
184,0
185,0
186,0
187,0
188,0
189,0
190,0
191,0
192,0
193,0
194,0
195,0
196,0
197,0
198,0
199,0
200,0
201,0
202,0
203,0
204,0
205,0
206,0
207,0
208,0
209,0
210,0
211,0
212,0
213,0
214,0
215,0
216,0
217,0
218,0
219,0
220,0
221,0
222,0
223,0
224,0
225,0
226,0
227,0
228,0
229,0
230,0
231,0
232,0
233,0
234,0
235,0
236,0
237,0
238,0
239,0
240,0
241,0
242,0
243,0
244,0
245,0
246,0
247,0
248,0
249,0
250,0
251,0
252,0
253,0
254,0
255,0
384,0
385,0
386,0
387,0
388,0
389,0
390,0
391,0
392,0
393,0
394,0
395,0
396,0
397,0
398,0
399,0
400,0
401,0
402,0
403,0
404,0
405,0
406,0
407,0
408,0
409,0
410,0
411,0
412,0
413,0
414,0
415,0
416,0
417,0
418,0
419,0
420,0
421,0
422,0
423,0
424,0
425,0
426,0
427,0
428,0
429,0
430,0
431,0
432,0
433,0
434,0
435,0
436,0
437,0
438,0
439,0
440,0
441,0
442,0
443,0
444,0
445,0
446,0
447,0
448,0
449,0
450,0
451,0
452,0
453,0
454,0
455,0
456,0
457,0
458,0
459,0
460,0
461,0
462,0
463,0
464,0
465,0
466,0
467,0
468,0
469,0
470,0
471,0
472,0
473,0
474,0
475,0
476,0
477,0
478,0
479,0
480,0
481,0
482,0
483,0
484,0
485,0
486,0
487,0
488,0
489,0
490,0
491,0
492,0
493,0
494,0
495,0
496,0
497,0
498,0
499,0
500,0
501,0
502,0
503,0
504,0
505,0
506,0
507,0
508,0
509,0
510,0
511,0
512,0
513,0
514,0
515,0
516,0
517,0
518,0
519,0
520,0
521,0
522,0
523,0
524,0
525,0
526,0
527,0
528,0
529,0
530,0
531,0
532,0
533,0
534,0
535,0
536,0
537,0
538,0
539,0
540,0
541,0
542,0
543,0
544,0
545,0
546,0
547,0
548,0
549,0
550,0
551,0
552,0
553,0
554,0
555,0
556,0
557,0
558,0
559,0
560,0
561,0
562,0
563,0
564,0
565,0
566,0
567,0
568,0
569,0
570,0
571,0
572,0
573,0
574,0
575,0
576,0
577,0
578,0
579,0
580,0
581,0
582,0
583,0
584,0
585,0
586,0
587,0
588,0
589,0
590,0
591,0
592,0
593,0
594,0
595,0
596,0
597,0
598,0
599,0
600,0
601,0
602,0
603,0
604,0
605,0
606,0
607,0
608,0
609,0
610,0
611,0
612,0
613,0
614,0
615,0
616,0
617,0
618,0
619,0
620,0
621,0
622,0
623,0
624,0
625,0
626,0
627,0
628,0
629,0
630,0
631,0
632,0
633,0
634,0
635,0
636,0
637,0
638,0
639,0
640,0
641,0
642,0
643,0
644,0
645,0
646,0
647,0
648,0
649,0
650,0
651,0
652,0
653,0
654,0
655,0
656,0
657,0
658,0
659,0
660,0
661,0
662,0
663,0
664,0
665,0
666,0
667,0
668,0
669,0
670,0
671,0
672,0
673,0
674,0
675,0
676,0
677,0
678,0
679,0
680,0
681,0
682,0
683,0
684,0
685,0
686,0
687,0
688,0
689,0
690,0
691,0
692,0
693,0
694,0
695,0
696,0
697,0
698,0
699,0
700,0
701,0
702,0
703,0
704,0
705,0
706,0
707,0
708,0
709,0
710,0
711,0
712,0
713,0
714,0
715,0
716,0
717,0
718,0
719,0
720,0
721,0
722,0
723,0
724,0
725,0
726,0
727,0
728,0
729,0
730,0
731,0
732,0
733,0
734,0
735,0
736,0
737,0
738,0
739,0
740,0
741,0
742,0
743,0
744,0
745,0
746,0
747,0
748,0
749,0
750,0
751,0
752,0
753,0
754,0
755,0
756,0
757,0
758,0
759,0
760,0
761,0
762,0
763,0
764,0
765,0
766,0
767,0
880,0
881,0
882,0
883,0
884,0
885,0
886,0
887,0
890,0
891,0
892,0
893,0
894,0
895,0
900,0
901,0
902,0
903,0
904,0
905,0
906,0
908,0
910,0
911,0
912,0
913,0
914,0
915,0
916,0
917,0
918,0
919,0
920,0
921,0
922,0
923,0
924,0
925,0
926,0
927,0
928,0
929,0
931,0
932,0
933,0
934,0
935,0
936,0
937,0
938,0
939,0
940,0
941,0
942,0
943,0
944,0
945,0
946,0
947,0
948,0
949,0
950,0
951,0
952,0
953,0
954,0
955,0
956,0
957,0
958,0
959,0
960,0
961,0
962,0
963,0
964,0
965,0
966,0
967,0
968,0
969,0
970,0
971,0
972,0
973,0
974,0
975,0
976,0
977,0
978,0
979,0
980,0
981,0
982,0
983,0
984,0
985,0
986,0
987,0
988,0
989,0
990,0
991,0
992,0
993,0
994,0
995,0
996,0
997,0
998,0
999,0
1000,0
1001,0
1002,0
1003,0
1004,0
1005,0
1006,0
1007,0
1008,0
1009,0
1010,0
1011,0
1012,0
1013,0
1014,0
1015,0
1016,0
1017,0
1018,0
1019,0
1020,0
1021,0
1022,0
1023,0
3200,1
3202,1
3203,1
3204,1
3205,1
3206,1
3207,1
3208,1
3209,1
3210,1
3211,1
3212,1
3214,1
3215,1
3216,1
3218,1
3219,1
3220,1
3221,1
3222,1
3223,1
3224,1
3225,1
3226,1
3227,1
3228,1
3229,1
3230,1
3231,1
3232,1
3233,1
3234,1
3235,1
3236,1
3237,1
3238,1
3239,1
3240,1
3242,1
3243,1
3244,1
3245,1
3246,1
3247,1
3248,1
3249,1
3250,1
3251,1
3253,1
3254,1
3255,1
3256,1
3257,1
3261,1
3262,1
3264,1
3265,1
3266,1
3267,1
3268,1
3271,1
3272,1
3274,1
3275,1
3285,1
3286,1
3293,1
3294,1
3296,1
3297,1
3302,1
3303,1
3304,1
3305,1
3306,1
3307,1
3308,1
3309,1
3310,1
3311,1
3313,1
3314,1
3315,1
3840,0
3841,0
3842,1
3843,1
3844,0
3845,0
3846,0
3847,0
3848,0
3849,0
3850,0
3851,0
3852,0
3853,0
3854,0
3855,0
3856,0
3857,0
3858,0
3859,0
3860,0
3861,0
3862,1
3863,1
3866,0
3867,0
3868,0
3869,0
3870,0
3871,0
3872,0
3873,0
3874,0
3875,0
3876,0
3877,0
3878,0
3879,0
3880,0
3881,0
3882,0
3883,0
3884,0
3885,0
3886,0
3887,0
3888,0
3889,0
3890,0
3891,0
3892,0
3894,0
3896,0
3898,1
3899,1
3900,0
3901,0
3902,0
3903,0
3904,0
3905,0
3906,0
3907,0
3908,0
3909,0
3910,0
3911,0
3913,0
3914,0
3915,0
3916,0
3917,0
3918,0
3919,0
3920,0
3921,0
3922,0
3923,0
3924,0
3925,0
3926,0
3927,0
3928,0
3929,0
3930,0
3931,0
3932,0
3933,0
3934,0
3935,0
3936,0
3937,0
3938,0
3939,0
3940,0
3941,0
3942,0
3943,0
3944,0
3945,0
3946,0
3947,0
3948,0
3967,0
3973,0
3976,1
3977,0
3978,0
3979,0
3980,0
4030,0
4031,0
4032,0
4033,0
4034,0
4035,0
4036,0
4037,1
4039,1
4040,1
4041,1
4042,1
4043,1
4044,1
4046,0
4047,0
4048,1
4049,0
4050,0
4051,0
4052,0
4057,1
4058,1
5120,0
5121,1
5122,1
5123,1
5124,1
5125,1
5126,1
5127,1
5128,1
5129,1
5130,1
5131,1
5132,1
5133,1
5134,1
5135,1
5136,1
5137,1
5138,1
5139,1
5140,1
5141,1
5142,1
5143,1
5144,1
5145,1
5146,1
5147,1
5148,1
5149,1
5150,0
5151,0
5152,0
5153,0
5154,0
5155,0
5156,0
5157,0
5158,0
5159,0
5160,0
5161,0
5162,0
5163,1
5164,1
5165,1
5166,1
5167,1
5168,1
5169,1
5170,1
5171,0
5172,0
5173,0
5174,0
5175,0
5176,0
5177,0
5178,1
5179,1
5180,1
5181,1
5182,1
5183,1
5184,1
5185,1
5186,1
5187,1
5188,1
5189,1
5190,1
5191,1
5192,1
5193,0
5194,0
5195,0
5196,1
5197,1
5198,1
5199,1
5200,1
5201,1
5202,1
5203,1
5204,1
5205,1
5206,1
5207,1
5208,1
5209,1
5210,1
5211,1
5212,1
5213,1
5214,1
5215,1
5216,1
5217,1
5218,1
5219,1
5220,1
5221,1
5222,0
5223,1
5224,1
5225,1
5226,1
5227,0
5228,0
5229,0
5230,0
5231,0
5232,0
5233,0
5234,0
5235,0
5236,0
5237,0
5238,0
5239,0
5240,0
5241,0
5242,0
5243,0
5244,0
5245,0
5246,0
5247,0
5248,0
5249,0
5250,0
5251,0
5252,0
5253,0
5254,0
5255,0
5256,0
5257,0
5258,0
5259,0
5260,0
5261,0
5262,0
5263,0
5264,0
5265,0
5266,0
5267,0
5268,0
5269,0
5270,0
5271,0
5272,0
5273,0
5274,0
5275,0
5276,0
5277,0
5278,0
5279,0
5280,0
5281,0
5282,0
5283,0
5284,0
5285,0
5286,0
5287,0
5288,0
5289,0
5290,0
5291,0
5292,0
5293,0
5294,0
5295,0
5296,0
5297,0
5298,0
5299,0
5300,0
5301,0
5302,0
5303,0
5304,0
5305,0
5306,0
5307,0
5308,0
5309,0
5310,0
5311,0
5312,1
5313,1
5314,1
5315,1
5316,1
5317,1
5318,1
5319,1
5320,1
5321,1
5322,1
5323,1
5324,1
5325,1
5326,1
5327,1
5328,0
5329,0
5330,0
5331,1
5332,1
5333,1
5334,1
5335,1
5336,1
5337,1
5338,1
5339,1
5340,1
5341,1
5342,1
5343,1
5344,1
5345,1
5346,1
5347,1
5348,1
5349,1
5350,1
5351,1
5352,1
5353,1
5354,0
5355,0
5356,0
5357,0
5358,0
5359,0
5360,0
5361,0
5362,0
5363,0
5364,0
5365,0
5366,0
5367,0
5368,0
5369,0
5370,0
5371,0
5372,0
5373,0
5374,0
5375,0
5376,0
5377,0
5378,0
5379,0
5380,0
5381,0
5382,0
5383,0
5384,0
5385,0
5386,0
5387,0
5388,1
5389,1
5390,1
5391,1
5392,1
5393,1
5394,1
5395,1
5396,1
5397,1
5398,1
5399,1
5400,1
5401,1
5402,1
5403,1
5404,1
5405,1
5406,1
5407,1
5408,1
5409,1
5410,1
5411,1
5412,1
5413,0
5414,0
5415,0
5416,0
5417,0
5418,0
5419,0
5420,0
5421,0
5422,0
5423,0
5424,0
5425,0
5426,0
5427,0
5428,0
5429,0
5430,0
5431,0
5432,0
5433,0
5434,0
5435,0
5436,0
5437,0
5438,0
5439,0
5440,0
5441,0
5442,1
5443,1
5444,1
5445,1
5446,1
5447,1
5448,0
5449,0
5450,0
5451,0
5452,0
5453,0
5454,0
5455,0
5456,0
5457,0
5458,0
5459,1
5460,1
5461,1
5462,1
5463,1
5464,1
5465,1
5466,1
5467,1
5468,1
5469,0
5470,1
5471,1
5472,1
5473,1
5474,1
5475,1
5476,1
5477,1
5478,1
5479,1
5480,1
5481,1
5482,0
5483,1
5484,1
5485,1
5486,1
5487,1
5488,1
5489,1
5490,1
5491,1
5492,1
5493,1
5494,1
5495,1
5496,1
5497,1
5498,1
5499,0
5500,0
5501,0
5502,1
5503,1
5504,1
5505,1
5506,1
5507,1
5508,1
5509,1
5510,0
5511,0
5512,0
5513,0
5514,1
5515,1
5516,1
5517,1
5518,1
5519,1
5520,1
5521,1
5522,1
5523,1
5524,1
5525,1
5526,1
5527,0
5528,0
5529,0
5530,0
5531,1
5532,1
5533,1
5534,1
5535,0
5536,1
5537,1
5538,1
5539,1
5540,1
5541,1
5542,0
5543,0
5544,0
5545,0
5546,0
5547,0
5548,0
5549,0
5550,0
5551,0
5552,0
5553,0
5554,0
5555,0
5556,0
5557,0
5558,0
5559,0
5560,1
5561,1
5562,1
5563,1
5564,1
5565,1
5566,1
5567,1
5568,1
5569,1
5570,1
5571,1
5572,1
5573,1
5574,1
5575,1
5576,1
5577,1
5578,1
5579,1
5580,1
5581,1
5582,1
5583,1
5584,1
5585,1
5586,1
5587,1
5588,1
5589,1
5590,1
5591,1
5592,1
5593,1
5594,1
5595,1
5596,1
5597,1
5598,1
5599,1
5600,1
5601,1
5602,1
5603,1
5604,1
5605,1
5606,1
5607,1
5608,1
5609,1
5610,1
5611,1
5612,1
5613,1
5614,0
5615,1
5616,1
5617,1
5618,1
5619,1
5620,1
5621,1
5622,1
5623,1
5624,1
5625,1
5626,1
5627,1
5628,1
5629,1
5630,1
5631,1
5632,1
5633,0
5634,1
5635,1
5636,1
5637,1
5638,1
5639,1
5640,1
5641,1
5642,1
5643,1
5644,1
5645,1
5646,1
5647,1
5648,1
5649,1
5650,1
5651,1
5652,1
5653,1
5654,1
5655,1
5656,1
5657,1
5658,1
5659,1
5660,1
5661,1
5662,1
5663,1
5664,1
5665,1
5666,1
5667,1
5668,1
5669,1
5670,1
5671,1
5672,1
5673,1
5674,1
5675,1
5676,1
5677,1
5678,1
5679,1
5680,1
5681,1
5682,1
5683,1
5684,1
5685,1
5686,1
5687,1
5688,1
5689,1
5690,1
5691,1
5692,1
5693,1
5694,1
5695,1
5696,1
5697,1
5698,1
5699,1
5700,1
5701,1
5702,0
5703,0
5704,1
5705,1
5706,1
5707,1
5708,1
5709,1
5710,1
5711,1
5712,1
5713,1
5714,1
5715,1
5716,1
5717,1
5718,1
5719,1
5720,1
5721,1
5722,0
5723,1
5724,1
5725,1
5726,1
5727,1
5728,1
5729,1
5730,1
5731,1
5732,1
5733,1
5734,1
5735,1
5736,1
5737,1
5738,1
5739,1
5740,1
5741,0
5742,0
5743,1
5744,1
5745,1
5746,1
5747,1
5748,1
5749,1
5750,1
5751,0
5752,0
5753,0
5754,0
5755,0
5756,0
5757,0
5758,0
5759,0
5792,0
5793,0
5794,0
5795,0
5796,0
5797,0
5798,0
5799,0
5800,0
5801,0
5802,0
5803,0
5804,0
5805,0
5806,0
5807,0
5808,0
5809,0
5810,0
5811,0
5812,0
5813,0
5814,0
5815,0
5816,0
5817,0
5818,0
5819,0
5820,0
5821,0
5822,0
5823,0
5824,0
5825,0
5826,0
5827,0
5828,0
5829,0
5830,0
5831,0
5832,0
5833,0
5834,0
5835,0
5836,0
5837,0
5838,0
5839,0
5840,0
5841,0
5842,0
5843,0
5844,0
5845,0
5846,0
5847,0
5848,0
5849,0
5850,0
5851,0
5852,0
5853,0
5854,0
5855,0
5856,1
5857,0
5858,1
5859,0
5860,0
5861,0
5862,0
5863,0
5864,0
5865,0
5866,0
5867,0
5868,0
5869,0
5870,0
5871,0
5872,0
5873,0
5874,0
5875,0
5876,0
5877,0
5878,0
5879,0
5880,0
8192,0
8193,0
8194,0
8195,0
8196,0
8197,0
8198,0
8199,0
8200,0
8201,0
8202,0
8203,1
8204,1
8205,1
8206,1
8207,1
8208,0
8209,0
8210,0
8211,0
8212,0
8213,0
8214,0
8215,0
8216,0
8217,0
8218,0
8219,0
8220,0
8221,0
8222,0
8223,0
8224,0
8225,0
8226,0
8227,0
8228,0
8229,0
8230,0
8231,0
8232,1
8233,1
8234,1
8235,1
8236,1
8237,1
8238,1
8239,0
8240,0
8241,0
8242,0
8243,0
8244,0
8245,0
8246,0
8247,0
8248,0
8249,0
8250,0
8251,0
8252,0
8253,0
8254,0
8255,0
8256,0
8257,0
8258,0
8259,0
8260,0
8261,0
8262,0
8263,0
8264,0
8265,0
8266,0
8267,0
8268,0
8269,0
8270,0
8271,0
8272,0
8273,0
8274,0
8275,0
8276,0
8277,0
8278,0
8279,1
8280,0
8281,0
8282,0
8283,0
8284,0
8285,0
8286,0
8287,0
8288,1
8289,1
8290,1
8291,1
8292,1
8294,1
8295,1
8296,1
8297,1
8298,1
8299,1
8300,1
8301,1
8302,1
8303,1
8448,0
8449,0
8450,0
8451,0
8452,0
8453,0
8454,0
8455,0
8456,0
8457,0
8458,1
8459,1
8460,0
8461,0
8462,0
8463,0
8464,1
8465,0
8466,1
8467,0
8468,0
8469,0
8470,0
8471,0
8472,0
8473,0
8474,0
8475,1
8476,0
8477,0
8478,0
8479,0
8480,0
8481,0
8482,0
8483,0
8484,0
8485,0
8486,0
8487,0
8488,0
8489,0
8490,0
8491,0
8492,1
8493,0
8494,0
8495,0
8496,1
8497,1
8498,0
8499,1
8500,1
8501,0
8502,0
8503,0
8504,0
8505,0
8506,1
8507,1
8508,1
8509,1
8510,0
8511,1
8512,1
8513,0
8514,0
8515,0
8516,0
8517,1
8518,1
8519,1
8520,1
8521,1
8522,0
8523,0
8524,1
8525,0
8526,0
8527,1
8592,0
8593,0
8594,0
8595,0
8596,0
8597,0
8598,0
8599,0
8600,0
8601,0
8602,0
8603,0
8604,1
8605,1
8606,0
8607,0
8608,0
8609,0
8610,0
8611,0
8612,0
8613,0
8614,0
8615,0
8616,0
8617,0
8618,0
8619,0
8620,0
8621,0
8622,0
8623,0
8624,0
8625,0
8626,0
8627,0
8628,0
8629,0
8630,0
8631,0
8632,0
8633,0
8634,0
8635,0
8636,0
8637,0
8638,0
8639,0
8640,0
8641,0
8642,0
8643,0
8644,0
8645,0
8646,0
8647,0
8648,0
8649,0
8650,0
8651,0
8652,0
8653,0
8654,0
8655,0
8656,0
8657,0
8658,0
8659,0
8660,0
8661,0
8662,0
8663,0
8664,0
8665,0
8666,0
8667,0
8668,0
8669,0
8670,0
8671,0
8672,0
8673,0
8674,0
8675,0
8676,0
8677,0
8678,0
8679,0
8680,0
8681,0
8682,0
8683,0
8684,0
8685,0
8686,0
8687,0
8688,0
8689,0
8690,0
8691,0
8692,1
8693,0
8694,0
8695,0
8696,0
8697,1
8698,1
8699,1
8700,1
8701,0
8702,0
8703,1
8704,0
8705,0
8706,0
8707,0
8708,0
8709,0
8710,0
8711,0
8712,0
8713,0
8714,0
8715,0
8716,0
8717,0
8718,0
8719,0
8720,0
8721,0
8722,0
8723,0
8724,0
8725,0
8726,0
8727,0
8728,0
8729,0
8730,0
8731,0
8732,0
8733,0
8734,0
8735,0
8736,0
8737,0
8738,0
8739,0
8740,0
8741,0
8742,0
8743,0
8744,0
8745,0
8746,0
8747,0
8748,0
8749,0
8750,0
8751,0
8752,0
8753,0
8754,0
8755,0
8756,0
8757,0
8758,0
8759,0
8760,0
8761,0
8762,0
8763,0
8764,0
8765,0
8766,0
8767,0
8768,0
8769,0
8770,0
8771,0
8772,0
8773,0
8774,0
8775,0
8776,0
8777,0
8778,0
8779,0
8780,0
8781,0
8782,0
8783,0
8784,0
8785,0
8786,0
8787,0
8788,0
8789,0
8790,0
8791,0
8792,0
8793,0
8794,0
8795,0
8796,0
8797,0
8798,0
8799,0
8800,0
8801,0
8802,0
8803,0
8804,0
8805,0
8806,0
8807,0
8808,0
8809,0
8810,0
8811,0
8812,0
8813,0
8814,0
8815,0
8816,0
8817,0
8818,0
8819,0
8820,0
8821,0
8822,0
8823,0
8824,0
8825,0
8826,0
8827,0
8828,0
8829,0
8830,0
8831,0
8832,0
8833,0
8834,0
8835,0
8836,0
8837,0
8838,0
8839,0
8840,0
8841,0
8842,0
8843,0
8844,0
8845,0
8846,0
8847,0
8848,0
8849,0
8850,0
8851,0
8852,0
8853,0
8854,0
8855,0
8856,0
8857,0
8858,0
8859,0
8860,0
8861,0
8862,0
8863,0
8864,0
8865,0
8866,0
8867,0
8868,0
8869,0
8870,0
8871,0
8872,0
8873,0
8874,0
8875,0
8876,0
8877,0
8878,0
8879,0
8880,0
8881,0
8882,0
8883,0
8884,0
8885,0
8886,1
8887,1
8888,1
8889,0
8890,0
8891,0
8892,0
8893,0
8894,0
8895,0
8896,0
8897,0
8898,0
8899,0
8900,0
8901,0
8902,0
8903,0
8904,0
8905,0
8906,0
8907,0
8908,0
8909,0
8910,0
8911,0
8912,0
8913,0
8914,0
8915,0
8916,0
8917,0
8918,0
8919,0
8920,1
8921,1
8922,0
8923,0
8924,0
8925,0
8926,0
8927,0
8928,0
8929,0
8930,0
8931,0
8932,0
8933,0
8934,0
8935,0
8936,0
8937,0
8938,0
8939,0
8940,0
8941,0
8942,0
8943,0
8944,0
8945,0
8946,1
8947,1
8948,0
8949,1
8950,1
8951,0
8952,0
8953,1
8954,1
8955,1
8956,0
8957,1
8958,0
8959,1
8960,0
8961,0
8962,0
8963,0
8964,0
8965,0
8966,0
8967,0
8968,0
8969,0
8970,0
8971,0
8972,0
8973,0
8974,0
8975,0
8976,0
8977,0
8978,0
8979,0
8980,0
8981,0
8982,1
8983,0
8984,0
8985,0
8986,0
8987,0
8988,0
8989,0
8990,0
8991,0
8992,0
8993,0
8994,0
8995,0
8996,0
8997,0
8998,0
8999,0
9000,0
9001,0
9002,0
9003,0
9004,1
9005,1
9006,1
9007,1
9008,1
9009,1
9010,1
9011,1
9012,1
9013,1
9014,0
9015,0
9016,0
9017,0
9018,0
9019,0
9020,0
9021,0
9022,0
9023,0
9024,0
9025,0
9026,0
9027,0
9028,0
9029,0
9030,0
9031,0
9032,0
9033,0
9034,0
9035,0
9036,0
9037,0
9038,0
9039,0
9040,0
9041,0
9042,0
9043,0
9044,0
9045,0
9046,0
9047,0
9048,0
9049,0
9050,0
9051,0
9052,0
9053,0
9054,0
9055,0
9056,0
9057,0
9058,0
9059,0
9060,0
9061,0
9062,0
9063,0
9064,0
9065,0
9066,0
9067,0
9068,0
9069,0
9070,0
9071,0
9072,0
9073,0
9074,0
9075,0
9076,0
9077,0
9078,0
9079,0
9080,0
9081,0
9082,0
9083,1
9084,1
9085,1
9086,1
9087,0
9088,0
9089,1
9090,1
9091,1
9092,1
9093,1
9094,1
9095,1
9096,1
9097,1
9098,1
9099,1
9100,1
9101,1
9102,1
9103,1
9104,1
9105,1
9106,1
9107,1
9108,1
9109,0
9110,0
9111,1
9112,1
9113,1
9114,1
9115,0
9116,0
9117,0
9118,0
9119,0
9120,0
9121,0
9122,0
9123,0
9124,0
9125,0
9126,0
9127,0
9128,0
9129,0
9130,0
9131,0
9132,0
9133,0
9134,0
9135,0
9136,0
9137,0
9138,1
9139,1
9140,1
9141,1
9142,1
9143,0
9144,0
9145,0
9146,0
9147,0
9148,0
9149,0
9150,0
9151,0
9152,1
9153,1
9154,1
9155,1
9156,1
9157,1
9158,1
9159,1
9160,1
9161,1
9162,1
9163,0
9164,0
9165,1
9166,1
9167,0
9168,0
9169,0
9170,0
9171,0
9172,1
9173,1
9174,1
9175,1
9176,1
9177,1
9178,0
9179,1
9180,1
9181,1
9182,1
9183,1
9184,1
9185,1
9186,1
9187,1
9188,1
9189,1
9190,1
9191,1
9192,0
9193,1
9194,1
9195,1
9196,1
9197,1
9198,1
9199,1
9200,1
9201,1
9202,1
9203,1
9204,1
9205,1
9206,1
9207,1
9208,1
9209,1
9210,1
9211,1
9212,1
9213,1
9214,1
9215,1
9410,1
9472,0
9473,0
9474,0
9475,0
9476,0
9477,0
9478,0
9479,0
9480,0
9481,0
9482,0
9483,0
9484,0
9485,0
9486,0
9487,0
9488,0
9489,0
9490,0
9491,0
9492,0
9493,0
9494,0
9495,0
9496,0
9497,0
9498,0
9499,0
9500,0
9501,0
9502,0
9503,0
9504,0
9505,0
9506,0
9507,0
9508,0
9509,0
9510,0
9511,0
9512,0
9513,0
9514,0
9515,0
9516,0
9517,0
9518,0
9519,0
9520,0
9521,0
9522,0
9523,0
9524,0
9525,0
9526,0
9527,0
9528,0
9529,0
9530,0
9531,0
9532,0
9533,0
9534,0
9535,0
9536,0
9537,0
9538,0
9539,0
9540,0
9541,0
9542,0
9543,0
9544,0
9545,0
9546,0
9547,0
9548,0
9549,0
9550,0
9551,0
9552,0
9553,0
9554,0
9555,0
9556,0
9557,0
9558,0
9559,0
9560,0
9561,0
9562,0
9563,0
9564,0
9565,0
9566,0
9567,0
9568,0
9569,0
9570,0
9571,0
9572,0
9573,0
9574,0
9575,0
9576,0
9577,0
9578,0
9579,0
9580,0
9581,0
9582,0
9583,0
9584,0
9585,0
9586,0
9587,0
9588,0
9589,0
9590,0
9591,0
9592,0
9593,0
9594,0
9595,0
9596,0
9597,0
9598,0
9599,0
9632,0
9633,0
9634,0
9635,0
9636,0
9637,0
9638,0
9639,0
9640,0
9641,0
9642,0
9643,0
9644,0
9645,0
9646,0
9647,0
9648,0
9649,0
9650,0
9651,0
9652,0
9653,0
9654,0
9655,0
9656,0
9657,0
9658,0
9659,0
9660,0
9661,0
9662,0
9663,0
9664,0
9665,0
9666,0
9667,0
9668,0
9669,0
9670,0
9671,0
9672,0
9673,0
9674,0
9675,0
9676,0
9677,0
9678,0
9679,0
9680,0
9681,0
9682,0
9683,0
9684,0
9685,0
9686,0
9687,0
9688,0
9689,0
9690,0
9691,0
9692,0
9693,0
9694,0
9695,0
9696,0
9697,0
9698,0
9699,0
9700,0
9701,0
9702,0
9703,0
9704,0
9705,0
9706,0
9707,0
9708,0
9709,0
9710,0
9711,1
9712,0
9713,0
9714,0
9715,0
9716,0
9717,0
9718,0
9719,0
9720,0
9721,0
9722,0
9723,0
9724,0
9725,0
9726,0
9727,0
9728,0
9729,0
9730,0
9731,1
9732,0
9733,1
9734,1
9735,0
9736,0
9737,0
9738,0
9739,0
9740,0
9741,0
9742,0
9743,0
9744,0
9745,0
9746,0
9747,0
9748,0
9749,1
9750,1
9751,1
9752,1
9753,1
9754,0
9755,0
9756,0
9757,0
9758,0
9759,0
9760,0
9761,0
9762,1
9763,1
9764,1
9765,0
9766,0
9767,0
9768,0
9769,0
9770,0
9771,1
9772,1
9773,0
9774,0
9775,1
9776,1
9777,1
9778,1
9779,1
9780,1
9781,1
9782,1
9783,1
9784,0
9785,0
9786,0
9787,0
9788,0
9789,0
9790,0
9791,0
9792,0
9793,0
9794,0
9795,0
9796,0
9797,0
9798,0
9799,0
9800,0
9801,0
9802,0
9803,0
9804,0
9805,0
9806,0
9807,0
9808,0
9809,0
9810,0
9811,0
9812,0
9813,0
9814,0
9815,0
9816,0
9817,0
9818,0
9819,0
9820,0
9821,0
9822,0
9823,0
9824,0
9825,0
9826,0
9827,0
9828,0
9829,0
9830,0
9831,0
9832,0
9833,0
9834,0
9835,0
9836,0
9837,0
9838,0
9839,0
9840,0
9841,0
9842,1
9843,1
9844,1
9845,1
9846,1
9847,1
9848,1
9849,1
9850,1
9851,1
9852,1
9853,1
9854,1
9855,1
9856,1
9857,1
9858,1
9859,1
9860,1
9861,1
9862,1
9863,1
9864,1
9865,1
9866,1
9867,1
9868,1
9869,1
9870,1
9871,1
9872,0
9873,0
9874,1
9875,1
9876,1
9877,1
9878,1
9879,1
9880,1
9881,1
9882,1
9883,1
9884,1
9885,1
9886,1
9887,1
9888,1
9889,0
9890,1
9891,1
9892,1
9893,1
9894,1
9895,1
9896,0
9897,1
9898,0
9899,0
9900,0
9901,1
9902,1
9903,1
9904,1
9905,1
9906,0
9907,0
9908,0
9909,0
9910,1
9911,0
9912,0
9913,0
9914,0
9915,0
9916,0
9917,1
9918,1
9919,1
9920,1
9921,1
9922,1
9923,1
9924,1
9925,1
9926,1
9927,1
9928,1
9929,1
9930,1
9931,1
9932,1
9933,1
9934,1
9935,1
9936,1
9937,1
9938,1
9939,1
9940,1
9941,1
9942,1
9943,1
9944,1
9945,1
9946,1
9947,1
9948,1
9949,1
9950,1
9951,1
9952,1
9953,1
9954,0
9955,1
9956,1
9957,1
9958,1
9959,1
9960,1
9961,1
9962,1
9963,1
9964,1
9965,1
9966,1
9967,1
9968,1
9969,1
9970,1
9971,1
9972,1
9973,1
9974,1
9975,1
9976,1
9977,1
9978,1
9979,1
9980,1
9981,1
9982,1
9983,1
9984,1
9985,1
9986,1
9987,1
9988,1
9989,1
9990,1
9991,1
9992,1
9993,1
9994,1
9995,1
9996,1
9997,1
9998,1
9999,1
10000,1
10001,1
10002,1
10003,0
10004,1
10005,1
10006,1
10007,0
10008,1
10009,1
10010,1
10011,1
10012,1
10013,1
10014,1
10015,1
10016,1
10017,1
10018,1
10019,1
10020,1
10021,1
10022,1
10023,1
10024,1
10025,1
10026,1
10027,1
10028,1
10029,1
10030,1
10031,1
10032,1
10033,1
10034,1
10035,1
10036,1
10037,1
10038,1
10039,1
10040,1
10041,1
10042,1
10043,1
10044,1
10045,1
10046,1
10047,1
10048,1
10049,1
10050,1
10051,1
10052,1
10053,1
10054,1
10055,1
10056,1
10057,1
10058,1
10059,1
10060,1
10061,1
10062,1
10063,1
10064,1
10065,1
10066,1
10067,1
10068,1
10069,1
10070,1
10071,1
10072,1
10073,1
10074,1
10075,1
10076,1
10077,1
10078,1
10079,1
10080,1
10081,1
10082,1
10083,1
10084,1
10085,1
10086,1
10087,1
10088,0
10089,0
10090,0
10091,0
10092,0
10093,0
10094,0
10095,0
10096,0
10097,0
10098,0
10099,0
10100,0
10101,0
10102,1
10103,1
10104,1
10105,1
10106,1
10107,1
10108,1
10109,1
10110,1
10111,1
10112,1
10113,1
10114,1
10115,1
10116,1
10117,1
10118,1
10119,1
10120,1
10121,1
10122,1
10123,1
10124,1
10125,1
10126,1
10127,1
10128,1
10129,1
10130,1
10131,1
10132,1
10133,1
10134,1
10135,1
10136,1
10137,1
10138,1
10139,1
10140,1
10141,1
10142,1
10143,1
10144,1
10145,1
10146,1
10147,1
10148,1
10149,1
10150,1
10151,1
10152,1
10153,1
10154,1
10155,1
10156,1
10157,1
10158,1
10159,1
10160,0
10161,1
10162,1
10163,1
10164,1
10165,1
10166,1
10167,1
10168,1
10169,1
10170,1
10171,1
10172,1
10173,1
10174,1
10175,1
10548,1
10549,1
11008,1
11009,1
11010,1
11011,1
11012,1
11013,1
11014,0
11015,0
11016,1
11017,1
11018,1
11019,1
11020,1
11021,0
11022,1
11023,1
11024,1
11025,1
11026,1
11027,1
11028,1
11029,1
11030,1
11031,1
11032,1
11033,1
11034,1
11035,1
11036,1
11037,0
11038,0
11039,1
11040,1
11041,1
11042,1
11043,1
11044,1
11045,0
11046,0
11047,0
11048,0
11049,0
11050,0
11051,0
11052,1
11053,1
11054,0
11055,0
11056,1
11057,0
11058,1
11059,1
11060,1
11061,1
11062,1
11063,1
11064,1
11065,1
11066,1
11067,1
11068,1
11069,1
11070,1
11071,1
11072,1
11073,1
11074,1
11075,1
11076,1
11077,1
11078,1
11079,1
11080,1
11081,1
11082,1
11083,1
11084,1
11085,1
11086,0
11087,0
11088,1
11089,1
11090,1
11091,1
11092,1
11093,1
11094,1
11095,1
11096,1
11097,1
11098,1
11099,1
11100,1
11101,1
11102,1
11103,1
11104,1
11105,1
11106,1
11107,1
11108,1
11109,1
11110,1
11111,1
11112,1
11113,1
11114,1
11115,1
11116,1
11117,1
11118,1
11119,1
11120,1
11121,1
11122,1
11123,1
11126,1
11127,1
11128,1
11129,1
11130,1
11131,1
11132,1
11133,1
11134,1
11135,1
11136,1
11137,1
11138,1
11139,1
11140,1
11141,1
11142,1
11143,1
11144,1
11145,1
11146,1
11147,1
11148,1
11149,1
11150,1
11151,1
11152,1
11153,1
11154,1
11155,1
11156,1
11157,1
11159,1
11160,1
11161,1
11162,1
11163,1
11164,1
11165,1
11166,1
11167,1
11168,1
11169,1
11170,1
11171,1
11172,1
11173,1
11174,1
11175,1
11176,1
11177,1
11178,1
11179,1
11180,1
11181,1
11182,1
11183,1
11184,1
11185,1
11186,1
11187,1
11188,1
11189,1
11190,1
11191,1
11192,1
11193,1
11194,1
11195,1
11196,1
11197,1
11198,1
11199,1
11200,1
11201,1
11202,1
11203,1
11204,1
11205,1
11206,1
11207,1
11208,1
11209,0
11210,1
11211,1
11212,1
11213,1
11214,1
11215,1
11216,1
11217,1
11218,1
11219,1
11220,1
11221,1
11222,1
11223,1
11224,1
11225,1
11226,1
11227,1
11228,1
11229,1
11230,1
11231,1
11232,1
11233,1
11234,1
11235,1
11236,1
11237,1
11238,1
11239,1
11240,1
11241,1
11242,1
11243,1
11244,1
11245,1
11246,1
11247,1
11248,1
11249,1
11250,1
11251,1
11252,1
11253,1
11254,1
11255,1
11256,1
11257,1
11258,1
11259,1
11260,1
11261,1
11262,1
11263,0
12336,1
12349,1
12353,1
12354,1
12355,1
12356,1
12357,1
12358,1
12359,1
12360,1
12361,1
12362,1
12363,1
12364,1
12365,1
12366,1
12367,1
12368,1
12369,1
12370,1
12371,1
12372,1
12373,1
12374,1
12375,1
12376,1
12377,1
12378,1
12379,1
12380,1
12381,1
12382,1
12383,1
12384,1
12385,1
12386,1
12387,1
12388,1
12389,1
12390,1
12391,1
12392,1
12393,1
12394,1
12395,1
12396,1
12397,1
12398,1
12399,1
12400,1
12401,1
12402,1
12403,1
12404,1
12405,1
12406,1
12407,1
12408,1
12409,1
12410,1
12411,1
12412,1
12413,1
12414,1
12415,1
12416,1
12417,1
12418,1
12419,1
12420,1
12421,1
12422,1
12423,1
12424,1
12425,1
12426,1
12427,1
12428,1
12429,1
12430,1
12431,1
12432,1
12433,1
12434,1
12435,1
12436,1
12437,1
12438,1
12443,1
12444,1
12445,1
12446,1
12447,1
12448,1
12449,1
12450,1
12451,1
12452,1
12453,1
12454,1
12455,1
12456,1
12457,1
12458,1
12459,1
12460,1
12461,1
12462,1
12463,1
12464,1
12465,1
12466,1
12467,1
12468,1
12469,1
12470,1
12471,1
12472,1
12473,1
12474,1
12475,1
12476,1
12477,1
12478,1
12479,1
12480,1
12481,1
12482,1
12483,1
12484,1
12485,1
12486,1
12487,1
12488,1
12489,1
12490,1
12491,1
12492,1
12493,1
12494,1
12495,1
12496,1
12497,1
12498,1
12499,1
12500,1
12501,1
12502,1
12503,1
12504,1
12505,1
12506,1
12507,1
12508,1
12509,1
12510,1
12511,1
12512,1
12513,1
12514,1
12515,1
12516,1
12517,1
12518,1
12519,1
12520,1
12521,1
12522,1
12523,1
12524,1
12525,1
12526,1
12527,1
12528,1
12529,1
12530,1
12531,1
12532,1
12533,1
12534,1
12535,1
12536,1
12537,1
12538,1
12539,1
12540,1
12541,1
12542,1
12543,1
12951,1
12953,1
65072,1
65073,1
65074,1
65075,1
65076,1
65077,1
65078,1
65079,1
65080,1
65081,1
65082,1
65083,1
65084,1
65085,1
65086,1
65087,1
65088,1
65089,1
65090,1
65091,1
65092,1
65093,1
65094,1
65095,1
65096,1
65097,1
65098,1
65099,1
65100,1
65101,1
65102,1
65103,1
65281,1
65282,1
65283,1
65284,1
65285,1
65286,1
65287,1
65288,1
65289,1
65290,1
65291,1
65292,1
65293,1
65294,1
65295,1
65296,1
65297,1
65298,1
65299,1
65300,1
65301,1
65302,1
65303,1
65304,1
65305,1
65306,1
65307,1
65308,1
65309,1
65310,1
65311,1
65312,1
65313,1
65314,1
65315,1
65316,1
65317,1
65318,1
65319,1
65320,1
65321,1
65322,1
65323,1
65324,1
65325,1
65326,1
65327,1
65328,1
65329,1
65330,1
65331,1
65332,1
65333,1
65334,1
65335,1
65336,1
65337,1
65338,1
65339,1
65340,1
65341,1
65342,1
65343,1
65344,1
65345,1
65346,1
65347,1
65348,1
65349,1
65350,1
65351,1
65352,1
65353,1
65354,1
65355,1
65356,1
65357,1
65358,1
65359,1
65360,1
65361,1
65362,1
65363,1
65364,1
65365,1
65366,1
65367,1
65368,1
65369,1
65370,1
65371,1
65372,1
65373,1
65374,1
65375,1
65376,1
65377,0
65378,0
65379,0
65380,0
65381,0
65382,0
65383,0
65384,0
65385,0
65386,0
65387,0
65388,0
65389,0
65390,0
65391,0
65392,0
65393,0
65394,0
65395,0
65396,0
65397,0
65398,0
65399,0
65400,0
65401,0
65402,0
65403,0
65404,0
65405,0
65406,0
65407,0
65408,0
65409,0
65410,0
65411,0
65412,0
65413,0
65414,0
65415,0
65416,0
65417,0
65418,0
65419,0
65420,0
65421,0
65422,0
65423,0
65424,0
65425,0
65426,0
65427,0
65428,0
65429,0
65430,0
65431,0
65432,0
65433,0
65434,0
65435,0
65436,0
65437,0
65438,0
65439,0
65440,0
65441,0
65442,0
65443,0
65444,0
65445,0
65446,0
65447,0
65448,0
65449,0
65450,0
65451,0
65452,0
65453,0
65454,0
65455,0
65456,0
65457,0
65458,0
65459,0
65460,0
65461,0
65462,0
65463,0
65464,0
65465,0
65466,0
65467,0
65468,0
65469,0
65470,0
65474,0
65475,0
65476,0
65477,0
65478,0
65479,0
65482,0
65483,0
65484,0
65485,0
65486,0
65487,0
65490,0
65491,0
65492,0
65493,0
65494,0
65495,0
65498,0
65499,0
65500,0
65504,1
65505,1
65506,1
65507,1
65508,1
65509,1
65510,1
65512,0
65513,0
65514,0
65515,0
65516,0
65517,0
65518,0
78895,1
126976,1
126977,1
126978,1
126979,1
126980,1
126981,1
126982,1
126983,1
126984,1
126985,1
126986,1
126987,1
126988,1
126989,1
126990,1
126991,1
126992,1
126993,1
126994,1
126995,1
126996,1
126997,1
126998,1
126999,1
127000,1
127001,1
127002,1
127003,1
127004,1
127005,1
127006,1
127007,1
127008,1
127009,1
127010,1
127011,1
127012,1
127013,1
127014,1
127015,1
127016,1
127017,1
127018,1
127019,1
127024,1
127025,1
127026,1
127027,1
127028,1
127029,1
127030,1
127031,1
127032,1
127033,1
127034,1
127035,1
127036,1
127037,1
127038,1
127039,1
127040,1
127041,1
127042,1
127043,1
127044,1
127045,1
127046,1
127047,1
127048,1
127049,1
127050,1
127051,1
127052,1
127053,1
127054,1
127055,1
127056,1
127057,1
127058,1
127059,1
127060,1
127061,1
127062,1
127063,1
127064,1
127065,1
127066,1
127067,1
127068,1
127069,1
127070,1
127071,1
127072,1
127073,1
127074,0
127075,0
127076,0
127077,0
127078,0
127079,0
127080,0
127081,0
127082,0
127083,0
127084,0
127085,0
127086,0
127087,0
127088,0
127089,0
127090,0
127091,0
127092,0
127093,0
127094,0
127095,0
127096,0
127097,0
127098,0
127099,0
127100,0
127101,0
127102,0
127103,0
127104,0
127105,0
127106,0
127107,0
127108,0
127109,0
127110,0
127111,0
127112,0
127113,0
127114,0
127115,0
127116,0
127117,0
127118,0
127119,0
127120,0
127121,0
127122,0
127123,0
127136,1
127137,1
127138,1
127139,1
127140,1
127141,1
127142,1
127143,1
127144,1
127145,1
127146,1
127147,1
127148,1
127149,1
127150,1
127153,1
127154,1
127155,1
127156,1
127157,1
127158,1
127159,1
127160,1
127161,1
127162,1
127163,1
127164,1
127165,1
127166,1
127167,1
127169,1
127170,1
127171,1
127172,1
127173,1
127174,1
127175,1
127176,1
127177,1
127178,1
127179,1
127180,1
127181,1
127182,1
127183,1
127185,1
127186,1
127187,1
127188,1
127189,1
127190,1
127191,1
127192,1
127193,1
127194,1
127195,1
127196,1
127197,1
127198,1
127199,1
127200,1
127201,1
127202,1
127203,1
127204,1
127205,1
127206,1
127207,1
127208,1
127209,1
127210,1
127211,1
127212,1
127213,1
127214,1
127215,1
127216,1
127217,1
127218,1
127219,1
127220,1
127221,1
127245,1
127246,1
127247,1
127279,0
127340,1
127341,1
127342,1
127343,1
127344,1
127345,1
127358,1
127359,1
127374,1
127377,1
127378,1
127379,1
127380,1
127381,1
127382,1
127383,1
127384,1
127385,1
127386,1
127405,1
127489,1
127490,1
127514,1
127535,1
127538,1
127539,1
127540,1
127541,1
127542,1
127543,1
127544,1
127545,1
127546,1
127568,1
127569,1
127584,1
127585,1
127586,1
127587,1
127588,1
127589,1
127744,1
127745,1
127746,1
127747,1
127748,1
127749,1
127750,1
127751,1
127752,1
127753,1
127754,1
127755,1
127756,1
127757,1
127758,1
127759,1
127760,1
127761,1
127762,1
127763,1
127764,1
127765,1
127766,1
127767,1
127768,1
127769,1
127770,1
127771,1
127772,1
127773,1
127774,1
127775,1
127776,1
127777,1
127778,1
127779,1
127780,1
127781,1
127782,1
127783,1
127784,1
127785,1
127786,1
127787,1
127788,1
127789,1
127790,1
127791,1
127792,1
127793,1
127794,1
127795,1
127796,1
127797,1
127798,1
127799,1
127800,1
127801,1
127802,1
127803,1
127804,1
127805,1
127806,1
127807,1
127808,1
127809,1
127810,1
127811,1
127812,1
127813,1
127814,1
127815,1
127816,1
127817,1
127818,1
127819,1
127820,1
127821,1
127822,1
127823,1
127824,1
127825,1
127826,1
127827,1
127828,1
127829,1
127830,1
127831,1
127832,1
127833,1
127834,1
127835,1
127836,1
127837,1
127838,1
127839,1
127840,1
127841,1
127842,1
127843,1
127844,1
127845,1
127846,1
127847,1
127848,1
127849,1
127850,1
127851,1
127852,1
127853,1
127854,1
127855,1
127856,1
127857,1
127858,1
127859,1
127860,1
127861,1
127862,1
127863,1
127864,1
127865,1
127866,1
127867,1
127868,1
127869,1
127870,0
127871,1
127872,1
127873,1
127874,1
127875,1
127876,1
127877,1
127878,1
127879,1
127880,1
127881,1
127882,1
127883,1
127884,1
127885,1
127886,1
127887,1
127888,1
127889,1
127890,1
127891,1
127892,1
127893,1
127894,1
127895,1
127896,1
127897,1
127898,1
127899,1
127900,1
127901,1
127902,1
127903,1
127904,1
127905,1
127906,1
127907,1
127908,1
127909,1
127910,1
127911,1
127912,1
127913,1
127914,1
127915,1
127916,1
127917,1
127918,1
127919,1
127920,1
127921,1
127922,1
127923,1
127924,1
127925,1
127926,1
127927,1
127928,1
127929,1
127930,1
127931,1
127932,1
127933,1
127934,1
127935,1
127936,1
127937,1
127938,1
127939,1
127940,1
127941,1
127942,1
127943,1
127944,1
127945,1
127946,1
127947,1
127948,1
127949,1
127950,1
127951,1
127952,1
127953,1
127954,1
127955,1
127956,1
127957,1
127958,1
127959,1
127960,1
127961,1
127962,1
127963,1
127964,1
127965,1
127966,1
127967,1
127968,1
127969,1
127970,1
127971,1
127972,1
127973,1
127974,1
127975,1
127976,1
127977,1
127978,1
127979,1
127980,1
127981,1
127982,1
127983,1
127984,1
127985,1
127986,1
127987,1
127988,1
127989,1
127990,1
127991,1
127992,1
127993,1
127994,1
128000,1
128001,1
128002,1
128003,1
128004,1
128005,1
128006,1
128007,1
128008,1
128009,1
128010,1
128011,1
128012,1
128013,1
128014,1
128015,1
128016,1
128017,1
128018,1
128019,1
128020,1
128021,1
128022,1
128023,1
128024,1
128025,1
128026,1
128027,1
128028,1
128029,1
128030,1
128031,1
128032,1
128033,1
128034,1
128035,1
128036,1
128037,1
128038,1
128039,1
128040,1
128041,1
128042,1
128043,1
128044,1
128045,1
128046,1
128047,1
128048,1
128049,1
128050,1
128051,1
128052,1
128053,1
128054,1
128055,1
128056,1
128057,1
128058,1
128059,1
128060,1
128061,1
128062,1
128063,1
128064,1
128065,1
128066,1
128067,1
128068,1
128069,1
128070,1
128071,1
128072,1
128073,1
128074,1
128075,1
128076,1
128077,1
128078,1
128079,1
128080,1
128081,1
128082,1
128083,1
128084,1
128085,1
128086,1
128087,1
128088,1
128089,1
128090,1
128091,1
128092,1
128093,1
128094,1
128095,1
128096,1
128097,1
128098,1
128099,1
128100,1
128101,1
128102,1
128103,1
128104,1
128105,1
128106,1
128107,1
128108,1
128109,1
128110,1
128111,1
128112,1
128113,1
128114,1
128115,1
128116,1
128117,1
128118,1
128119,1
128120,1
128121,1
128122,1
128123,1
128124,1
128125,1
128126,1
128127,1
128128,1
128129,1
128130,1
128131,1
128132,1
128133,1
128134,1
128135,1
128136,1
128137,1
128138,1
128139,1
128140,1
128141,1
128142,1
128143,1
128144,1
128145,1
128146,1
128147,1
128148,1
128149,1
128150,1
128151,1
128152,1
128153,1
128154,1
128155,1
128156,1
128157,1
128158,1
128159,1
128160,1
128161,1
128162,1
128163,1
128164,1
128165,1
128166,1
128167,1
128168,1
128169,1
128170,1
128171,1
128172,1
128173,1
128174,1
128175,1
128176,1
128177,1
128178,1
128179,1
128180,1
128181,1
128182,1
128183,1
128184,1
128185,1
128186,1
128187,1
128188,1
128189,1
128190,1
128191,1
128192,1
128193,1
128194,1
128195,1
128196,1
128197,1
128198,1
128199,1
128200,1
128201,1
128202,1
128203,1
128204,1
128205,1
128206,1
128207,1
128208,1
128209,1
128210,1
128211,1
128212,1
128213,1
128214,1
128215,1
128216,1
128217,1
128218,1
128219,1
128220,1
128221,1
128222,1
128223,1
128224,1
128225,1
128226,1
128227,1
128228,1
128229,1
128230,1
128231,1
128232,1
128233,1
128234,1
128235,1
128236,1
128237,1
128238,1
128239,1
128240,1
128241,1
128242,1
128243,1
128244,1
128245,1
128246,1
128247,1
128248,1
128249,1
128250,1
128251,1
128252,1
128253,1
128254,1
128255,1
128256,1
128257,1
128258,1
128259,1
128260,1
128261,1
128262,1
128263,1
128264,1
128265,1
128266,1
128267,1
128268,1
128269,1
128270,1
128271,1
128272,1
128273,1
128274,1
128275,1
128276,1
128277,1
128278,1
128279,1
128280,1
128281,1
128282,1
128283,1
128284,1
128285,1
128286,1
128287,1
128288,1
128289,1
128290,1
128291,1
128292,1
128293,1
128294,1
128295,1
128296,1
128297,1
128298,1
128299,1
128300,1
128301,1
128302,1
128303,1
128304,1
128305,1
128306,1
128307,1
128308,1
128309,1
128310,1
128311,1
128312,1
128313,1
128314,1
128315,1
128316,1
128317,1
128326,1
128327,1
128328,1
128329,1
128330,1
128331,1
128332,1
128333,1
128334,1
128335,1
128336,1
128337,1
128338,1
128339,1
128340,1
128341,1
128342,1
128343,1
128344,1
128345,1
128346,1
128347,1
128348,1
128349,1
128350,1
128351,1
128352,1
128353,1
128354,1
128355,1
128356,1
128357,1
128358,1
128359,1
128360,1
128361,1
128362,1
128363,1
128364,1
128365,1
128366,1
128367,1
128368,1
128369,1
128370,1
128371,1
128372,1
128373,1
128374,1
128375,1
128376,1
128377,1
128378,1
128379,1
128380,1
128381,1
128382,1
128383,1
128384,1
128385,1
128386,1
128387,1
128388,1
128389,1
128390,1
128391,1
128392,1
128393,1
128394,1
128395,1
128396,1
128397,1
128398,1
128399,1
128400,1
128401,1
128402,1
128403,1
128404,1
128405,1
128406,1
128407,1
128408,1
128409,1
128410,1
128411,1
128412,1
128413,1
128414,1
128415,1
128416,1
128417,1
128418,1
128419,1
128420,1
128421,1
128422,1
128423,1
128424,1
128425,1
128426,1
128427,1
128428,1
128429,1
128430,1
128431,1
128432,1
128433,1
128434,1
128435,1
128436,1
128437,1
128438,1
128439,1
128440,1
128441,1
128442,1
128443,1
128444,1
128445,1
128446,1
128447,1
128448,1
128449,1
128450,1
128451,1
128452,1
128453,1
128454,1
128455,1
128456,1
128457,1
128458,1
128459,1
128460,1
128461,1
128462,1
128463,1
128464,1
128465,1
128466,1
128467,1
128468,1
128469,1
128470,1
128471,1
128472,1
128473,1
128474,1
128475,1
128476,1
128477,1
128478,1
128479,1
128480,1
128481,1
128482,1
128483,1
128484,1
128485,1
128486,1
128487,1
128488,1
128489,1
128490,1
128491,1
128492,1
128493,1
128494,1
128495,1
128496,1
128497,1
128498,1
128499,1
128500,1
128501,1
128502,1
128503,1
128504,1
128505,1
128506,1
128507,1
128508,1
128509,1
128510,1
128511,1
128512,1
128513,1
128514,1
128515,1
128516,1
128517,1
128518,1
128519,1
128520,1
128521,1
128522,1
128523,1
128524,1
128525,1
128526,1
128527,1
128528,1
128529,1
128530,1
128531,1
128532,1
128533,1
128534,1
128535,1
128536,1
128537,1
128538,1
128539,1
128540,1
128541,1
128542,1
128543,1
128544,1
128545,1
128546,1
128547,1
128548,1
128549,1
128550,1
128551,1
128552,1
128553,1
128554,1
128555,1
128556,1
128557,1
128558,1
128559,1
128560,1
128561,1
128562,1
128563,1
128564,1
128565,1
128566,1
128567,1
128568,1
128569,1
128570,1
128571,1
128572,1
128573,1
128574,1
128575,1
128576,1
128577,1
128578,1
128579,1
128580,1
128581,1
128582,1
128583,1
128584,1
128585,1
128586,1
128587,1
128588,1
128589,1
128590,1
128591,1
128592,1
128593,1
128594,1
128595,1
128596,1
128597,1
128598,1
128599,1
128600,1
128601,1
128602,1
128603,1
128604,1
128605,1
128606,1
128607,1
128608,1
128609,1
128610,1
128611,1
128612,1
128613,1
128614,1
128615,1
128616,1
128617,1
128618,1
128619,1
128620,1
128621,1
128622,1
128623,1
128624,1
128625,1
128626,1
128627,1
128628,1
128629,1
128630,0
128631,0
128632,0
128633,1
128634,1
128635,1
128636,1
128637,1
128638,1
128639,1
128640,1
128641,1
128642,1
128643,1
128644,1
128645,1
128646,1
128647,1
128648,1
128649,1
128650,1
128651,1
128652,1
128653,1
128654,1
128655,0
128656,1
128657,1
128658,1
128659,1
128660,1
128661,1
128662,1
128663,1
128664,1
128665,1
128666,1
128667,1
128668,1
128669,1
128670,1
128671,1
128672,1
128673,1
128674,1
128675,1
128676,1
128677,1
128678,0
128679,1
128680,1
128681,1
128682,1
128683,1
128684,1
128685,1
128686,1
128687,1
128688,1
128689,1
128690,1
128691,1
128692,1
128693,1
128694,1
128695,1
128696,1
128697,1
128698,1
128699,1
128700,1
128701,1
128702,1
128703,1
128704,1
128705,1
128706,1
128707,1
128708,1
128709,1
128710,1
128711,1
128712,1
128713,1
128714,1
128715,1
128716,1
128717,1
128718,1
128719,1
128720,1
128721,1
128722,1
128723,1
128724,1
128725,1
128726,1
128727,1
128732,1
128733,1
128734,1
128735,1
128736,1
128737,1
128738,1
128739,1
128740,1
128741,1
128742,1
128743,1
128744,1
128745,1
128746,1
128747,1
128748,1
128752,1
128753,1
128754,1
128755,1
128756,1
128757,1
128758,1
128759,1
128760,1
128761,1
128762,1
128763,1
128764,1
128884,1
128885,1
128886,1
128891,1
128892,1
128893,1
128894,1
128895,1
128981,1
128982,1
128983,1
128984,1
128985,1
128992,1
128993,1
128994,1
128995,1
128996,1
128997,1
128998,1
128999,1
129000,1
129001,1
129002,1
129003,1
129008,0
129200,0
129201,0
129202,0
129203,0
129204,0
129205,0
129206,0
129207,0
129208,0
129209,0
129210,0
129211,0
129216,0
129217,0
129292,1
129293,1
129294,1
129295,1
129296,1
129297,1
129298,1
129299,1
129300,1
129301,1
129302,1
129303,1
129304,1
129305,1
129306,1
129307,1
129308,1
129309,1
129310,1
129311,1
129312,1
129313,1
129314,1
129315,1
129316,1
129317,1
129318,1
129319,1
129320,1
129321,1
129322,1
129323,1
129324,1
129325,1
129326,1
129327,1
129328,1
129329,1
129330,1
129331,1
129332,1
129333,1
129334,1
129335,1
129336,1
129337,1
129338,1
129340,1
129341,1
129342,1
129343,1
129344,1
129345,1
129346,1
129347,1
129348,1
129349,1
129351,1
129352,1
129353,1
129354,1
129355,1
129356,1
129357,1
129358,1
129359,1
129360,1
129361,1
129362,1
129363,1
129364,1
129365,1
129366,1
129367,1
129368,1
129369,1
129370,1
129371,1
129372,1
129373,1
129374,1
129375,1
129376,1
129377,1
129378,1
129379,1
129380,1
129381,1
129382,1
129383,1
129384,1
129385,1
129386,1
129387,1
129388,1
129389,1
129390,1
129391,1
129392,1
129393,1
129394,1
129395,1
129396,1
129397,1
129398,1
129399,1
129400,1
129401,1
129402,1
129403,1
129404,1
129405,1
129406,1
129407,1
129408,1
129409,1
129410,1
129411,1
129412,1
129413,1
129414,1
129415,1
129416,1
129417,1
129418,1
129419,1
129420,1
129421,1
129422,1
129423,1
129424,1
129425,1
129426,1
129427,1
129428,1
129429,1
129430,1
129431,1
129432,1
129433,1
129434,1
129435,1
129436,1
129437,1
129438,1
129439,1
129440,1
129441,1
129442,1
129443,1
129444,1
129445,1
129446,1
129447,1
129448,1
129449,1
129450,1
129451,1
129452,1
129453,1
129454,1
129455,1
129456,1
129457,1
129458,1
129459,1
129460,1
129461,1
129462,1
129463,1
129464,1
129465,1
129466,1
129467,1
129468,1
129469,1
129470,1
129471,1
129472,1
129473,1
129474,1
129475,1
129476,1
129477,1
129478,1
129479,1
129480,1
129481,1
129482,1
129483,1
129484,1
129485,1
129486,1
129487,1
129488,1
129489,1
129490,1
129491,1
129492,1
129493,1
129494,1
129495,1
129496,1
129497,1
129498,1
129499,1
129500,1
129501,1
129502,1
129503,1
129504,1
129505,1
129506,1
129507,1
129508,1
129509,1
129510,1
129511,1
129512,1
129513,1
129514,0
129515,1
129516,1
129517,1
129518,1
129519,1
129520,1
129521,1
129522,1
129523,1
129524,1
129525,1
129526,1
129527,1
129528,1
129529,1
129530,1
129531,1
129532,1
129533,1
129534,1
129535,1
129536,1
129537,1
129538,1
129539,1
129540,1
129541,1
129542,1
129543,1
129544,1
129545,1
129546,1
129547,1
129548,1
129549,1
129550,1
129551,1
129552,1
129553,1
129554,1
129555,1
129556,1
129557,1
129558,1
129559,1
129560,1
129561,1
129562,1
129563,1
129564,1
129565,1
129566,1
129567,1
129568,1
129569,1
129570,1
129571,1
129572,1
129573,1
129574,1
129575,1
129576,1
129577,1
129578,1
129579,1
129580,1
129581,1
129582,1
129583,1
129584,1
129585,1
129586,1
129587,1
129588,1
129589,1
129590,1
129591,1
129592,1
129593,1
129594,1
129595,1
129596,1
129597,1
129598,1
129599,1
129600,1
129601,1
129602,1
129603,1
129604,1
129605,1
129606,1
129607,1
129608,1
129609,1
129610,1
129611,1
129612,1
129613,1
129614,1
129615,1
129616,1
129617,1
129618,1
129619,1
129632,1
129633,1
129634,1
129635,1
129636,1
129637,1
129638,1
129639,1
129640,1
129641,1
129642,1
129643,1
129644,1
129645,1
129648,1
129649,1
129650,1
129651,1
129652,1
129653,1
129654,1
129655,1
129656,1
129657,1
129658,1
129659,1
129660,1
129664,1
129665,1
129666,1
129667,1
129668,1
129669,1
129670,1
129671,1
129672,1
129673,1
129679,1
129680,1
129681,1
129682,1
129683,1
129684,1
129685,1
129686,1
129687,1
129688,1
129689,1
129690,1
129691,1
129692,1
129693,1
129694,1
129695,1
129696,1
129697,1
129698,1
129699,1
129700,1
129701,1
129702,1
129703,1
129704,1
129705,1
129706,1
129707,1
129708,1
129709,1
129710,1
129711,1
129712,1
129713,1
129714,1
129715,1
129716,1
129717,1
129718,1
129719,1
129720,1
129721,1
129722,1
129723,1
129724,1
129725,1
129726,1
129727,1
129728,1
129729,1
129730,1
129731,1
129732,1
129733,1
129734,1
129742,1
129743,1
129744,1
129745,1
129746,1
129747,1
129748,1
129749,1
129750,1
129751,1
129752,1
129753,1
129754,1
129755,1
129756,1
129759,1
129760,1
129761,1
129762,1
129763,1
129764,1
129765,1
129766,1
129767,1
129768,1
129769,1
129776,1
129777,1
129778,1
129779,1
129780,1
129781,1
129782,1
129783,1
129784,1
